location_data = {
'Com1' : [1.295164, 103.773871],
'Com2' : [1.294334, 103.774111],
'I3' : [1.292920, 103.775389],
'As1' : [1.295194, 103.772167],
'As2' : [1.295242, 103.771109],
'As3' : [1.294778, 103.771068],
'As4' : [1.294569, 103.771760],
'As5' : [1.294364, 103.771873],
'As6' : [1.295799, 103.773279],
'As7' : [1.294545, 103.770902],
'As8' : [1.296700, 103.772356],
'SDE' : [1.297506, 103.770516],
'CELC' : [1.297271, 103.771386],
'BIZ1' : [1.292465, 103.774048],
'BIZ2' : [1.293463, 103.775133],
'S1' : [1.295557, 103.777962],
'S2' : [1.295545, 103.778276],
'S3' : [1.295550, 103.778619],
'S4' : [1.295619, 103.779161],
'S5' : [1.295517, 103.779759],
'S6' : [1.295083, 103.780403],
'S7' : [ 1.296351, 103.778971],
'S8' : [1.296271, 103.779320],
'S11':[1.296797, 103.778822],
'S12':[1.296997, 103.778736],
'S13':[1.296800, 103.779254],
'S14':[1.297006, 103.779897],
'S16':[1.296952, 103.780256],
'S17':[1.297787, 103.780479],
'LT27':[1.297452, 103.780834],
'E1':[1.298726, 103.771206],
'E2':[1.299603, 103.771164],
'E3':[1.299779, 103.771707],
'E4':[1.298844, 103.771957],
'E5':[1.298346, 103.772032],
'E6 1.1.296271, 103.779320
'EA':[1.300432, 103.770768],
'EW1':[1.299198, 103.770564],
'EW2':[1.299359, 103.772517],
'MD1':[1.295593, 103.780505],
'MD4':[1.295878, 103.780873],
'MD7':[1.296521, 103.781087],
'MD10':[1.297122, 103.781946],
'MD11':[1.297379, 103.781903],
'CELS':[1.295449, 103.780272],
'YSTCM':[1.302473, 103.773010],
}
